0
154072
142927
142993
138348
126927
115177
109848
109232
107264
101041
93512
89491
88955
87794
83710
78241
74837
74295
73603
70713
66422
63285
62591
62187
60075
56356
53553
52829
52589
50890
47831
45219
44186
44158
42800
40044
37454
36422
36443
35498
33031
30522
29439
29266
28511
26350
24019
22820
22529
22056
20083
17641
16395
16265
15825
13933
11581
10152
9954
9532
7965
5520
3894
3688
3490
1965
-324
-2191
-2724
-2787
-4031
-6482
-8443
-9300
-9162
-10420
-12811
-15066
-15973
-15935
-16914
-19362
-21963
-23024
-23055
-23919
-26521
-29292
-30631
-30744
-31598
-34271
-37416
-39249
-39416
-40069
-42857
-46564
-48935
-49282
-49871
-52881
-57283
-60307
-60823
-61459
-64807
-70347
-74766
-75748
-76228
-79999
-87642
-94104
-96168
-96744
-101895
-113701
-125493
-130306
-130853
-141536
-172434
-217075
-252149
-255327
-225881
-184295
-154143
-143417
-142729
-138317
-126964
-115119
-109814
-109162
-107260
-101087
-93490
-89500
-89050
-87913
-83759
-78280
-75014
-74314
-73660
-70731
-66305
-63330
-62650
-62246
-60117
-56332
-53490
-52901
-52615
-50967
-47775
-45021
-44299
-44109
-42788
-40031
-37382
-36541
-36518
-35517
-33072
-30538
-29422
-29343
-28523
-26397
-23857
-22783
-22453
-22011
-20159
-17766
-16328
-16206
-15700
-13959
-11621
-10199
-9985
-9575
-7915
-5617
-4053
-3591
-3396
-2024
429
2170
2619
2874
4169
6600
8507
9021
9229
10454
12815
15197
16028
15975
17062
19492
21896
22993
23054
23942
26484
29258
30809
30725
31598
34160
37330
39232
39408
40031
42787
46613
48816
49222
49860
52765
57396
60392
60803
61506
64763
70417
74579
75730
76265
80212
87548
94097
96138
96639
102106
113748
125452
130327
131113
141500
172390
217213
252087
255210
225949
184284
154042
143345
142441
138293
126856
115233
109787
109082
107255
101075
93552
89502
89035
87875
83784
78324
74864
74277
73688
70730
66351
63431
62562
62407
60004
56330
53629
52857
52597
50918
47746
45074
44310
44178
42787
40131
37538
36604
36513
35396
32972
30581
29486
29349
28601
26479
23920
22806
22619
22050
20179
17749
16431
16259
15756
14025
11596
10154
9867
9593
7965
5629
4077
3502
3386
2051
-356
-2150
-2645
-2885
-4147
-6536
-8480
-9092
-9297
-10449
-12792
-15037
-15917
-15947
-16947
-19455
-21953
-22949
-23132
-24092
-26562
-29315
-30646
-30689
-31526
-34228
-37411
-39240
-39383
-40117
-42826
-46626
-48824
-49119
-49855
-52780
-57210
-60354
-60936
-61500
-64811
-70406
-74623
-75688
-76139
-80079
-87517
-94146
-96119
-96627
-101877
-113836
-125545
-130300
-131085
-141528
-172573
-217199
-251932
-255104
-225860
-184356
-154100
-143488
-142630
-138165
-126894
-115342
-109729
-109160
-107204
-101033
-93642
-89530
-88959
-87980
-83759
-78331
-74922
-74284
-73684
-70684
-66383
-63420
-62554
-62260
-60142
-56282
-53577
-52740
-52628
-50798
-47652
-45136
-44190
-44096
-42752
-40147
-37456
-36501
-36594
-35546
-33148
-30528
-29374
-29272
-28551
-26320
-24106
-22853
-22627
-22019
-20164
-17802
-16398
-16242
-15680
-14011
-11672
-10194
-9943
-9503
-7987
-5627
-3966
-3691
-3412
-2015
357
2106
2750
2899
4069
6511
8503
9106
9268
10463
12792
14981
15840
15787
16841
19505
22040
22954
23096
23993
26714
29381
30655
30717
31488
34228
37352
39075
39333
40034
42978
46607
48874
49332
49827
52783
57369
60316
60891
61490
64728
70287
74745
75784
76173
80203
87573
94064
96099
96653
101976
113731
125527
130188
130903
141420
172565
217292
251978
255190
225924
184173
154091
143430
142689
138291
126790
115075
109731
109231
107220
101034
93441
89497
88891
87901
83807
78214
74847
74362
73674
70805
66244
63337
62712
62113
60041
56431
53570
52841
52590
50949
47783
45202
44268
44155
42798
40037
37511
36568
36426
35522
33151
30542
29464
29415
28476
26287
23872
22678
22625
22115
20181
17676
16423
16110
15664
14068
11537
10148
9949
9535
7977
5757
4031
3641
3384
1892
-351
-2246
-2682
-2862
-4095
-6487
-8430
-9161
-9258
-10465
-12847
-15006
-15800
-16000
-16904
-19334
-21878
-22847
-23128
-24074
-26598
-29177
-30632
-30785
-31612
-34252
-37241
-39184
-39364
-40054
-42819
-46569
-48898
-49146
-49732
-52713
-57189
-60386
-60994
-61523
-64757
-70387
-74632
-75653
-76278
-80220
-87760
-94106
-96106
-96737
-102099
-113829
-125437
-130167
-131032
-141500
-172519
-217419
-252103
-255270
-225829
-184106
-153976
-143445
-142783
-138165
-126887
-115195
-109744
-109187
-107303
-101042
-93583
-89509
-89005
-88007
-83804
-78285
-74802
-74469
-73603
-70703
-66482
-63306
-62664
-62384
-60149
-56427
-53464
-52760
-52535
-50937
-47867
-45118
-44276
-44178
-42793
-40117
-37515
-36495
-36478
-35407
-33012
-30565
-29384
-29366
-28559
-26456
-23964
-22734
-22696
-21994
-20097
-17785
-16495
-16162
-15835
-13878
-11727
-10063
-9846
-9570
-8016
-5582
-3978
-3551
-3393
-1959
377
2198
2700
2707
4026
6559
8516
9123
9246
10415
12763
14989
15856
15882
16976
19327
21996
22989
23091
24066
26618
29295
30517
30724
31576
34246
37402
39134
39373
40051
42784
46471
48777
49117
49894
52800
57334
60429
60960
61460
64839
70359
74586
75890
76270
80235
87632
94068
96289
96632
102079
113840
125503
130262
130999
141483
172384
217167
252059
255292
225924
184235
153950
143453
142728
138383
127001
115255
109764
109166
107182
101047
93569
89510
88852
87912
83871
78283
74934
74271
73735
70783
66305
63305
62584
62258
60080
56381
53626
52849
52575
50905
47825
45186
44322
44103
42776
40143
37537
36619
36458
35492
33181
30556
29396
29428
28709
26386
23928
22752
22557
21986
20024
17635
16358
16197
15865
13917
11675
10120
9880
9615
7898
5636
3983
3658
3435
2136
-457
-2237
-2720
-2876
-4144
-6398
-8433
-9201
-9274
-10380
-12837
-14964
-15897
-15994
-16819
-19369
-21963
-22972
-23037
-23963
-26394
-29214
-30704
-30873
-31683
-34259
-37310
-39131
-39397
-40095
-42820
-46384
-48819
-49286
-49798
-52772
-57143
-60246
-60967
-61472
-64739
-70300
-74600
-75657
-76144
-80065
-87588
-94130
-96171
-96574
-102023
-113723
-125578
-130237
-130866
-141423
-172483
-217292
-251998
-255241
-225765
-184289
-154039
-143381
-142564
-138350
-126902
-115176
-109742
-109214
-107230
-100977
-93623
-89533
-88950
-87918
-83908
-78295
-74818
-74208
-73761
-70671
-66298
-63488
-62668
-62272
-60157
-56388
-53552
-52844
-52721
-50921
-47705
-45143
-44146
-44162
-42952
-40132
-37534
-36537
-36487
-35425
-33098
-30434
-29447
-29287
-28555
-26365
-23924
-22732
-22602
-21966
-20082
-17651
-16361
-16096
-15792
-13859
-11643
-10223
-9876
-9600
-7925
-5661
-4032
-3738
-3451
-2150
346
2267
2728
2828
4062
6525
8447
9120
9363
10420
12791
15056
15769
15847
16960
19360
21847
23046
23158
23956
26505
29386
30737
30816
31556
34248
37444
39220
39420
40179
42818
46647
48873
49365
49805
52923
57287
60281
60913
61471
64837
70391
74597
75741
76379
80272
87656
94114
96196
96701
101904
113712
125414
130285
130985
141460
172584
217064
251940
255299
226006
184353
154084
143491
142625
138328
127013
115186
109718
109323
107282
100977
93610
89555
88949
87889
83770
78344
74968
74261
73773
70583
66340
63246
62563
62243
59964
56452
53578
52837
52633
50966
