0
0
0
0
0
0
0
0
0
0
0
0
0
0
0
0
0
0
0
0
0
0
0
0
0
0
0
0
0
0
0
0
0
0
0
0
0
0
0
0
0
0
0
0
0
0
0
0
0
0
0
0
0
0
0
0
0
0
0
0
0
0
0
0
0
0
0
0
0
0
0
0
0
0
0
0
0
0
0
0
0
0
0
0
0
0
0
0
0
0
0
0
0
0
0
0
0
0
0
0
0
0
0
410
0
457
-133
275
-263
189
-220
121
-204
104
-168
74
-157
69
-133
53
-127
52
-109
41
-106
41
-92
34
-92
34
-80
30
-80
29
-70
27
-71
26
-63
24
-64
23
-57
23
-58
21
-52
21
-53
19
-48
20
-49
18
-44
20
-45
17
-41
19
-42
16
-39
18
-39
15
-36
17
-36
15
-34
17
-34
14
-32
16
-32
14
-31
16
-30
13
-29
15
-28
13
-28
14
-27
12
-27
13
-25
11
-26
12
-24
10
-24
10
-22
8
-21
7
-16
-4763
0
1690
888
-3226
1684
166
1751
-1406
1227
126
1437
-857
896
76
1212
-598
691
25
1052
-446
555
-22
933
-347
461
-64
835
-276
392
-102
753
-223
342
-135
681
-183
304
-163
616
-151
276
-186
556
-125
255
-206
500
-106
238
-220
448
-90
227
-229
400
-77
219
-235
354
-68
212
-237
311
-61
208
-235
271
-57
205
-229
234
-54
202
-220
201
-53
199
-209
171
-52
196
-195
144
-52
193
-178
121
-52
189
-158
100
-51
185
-135
80
-46
175
-103
54
-42
122
20963
0
-23426
-2093
14589
-2954
-5562
-5457
6556
-2344
-3273
-4919
4006
-1562
-2145
-4410
2751
-1054
-1407
-3996
1986
-728
-855
-3657
1469
-513
-419
-3348
1091
-376
-67
-3062
799
-287
230
-2796
573
-240
469
-2529
388
-223
671
-2272
240
-229
832
-2023
128
-244
950
-1774
39
-279
1039
-1538
-29
-319
1099
-1311
-77
-359
1126
-1094
-109
-413
1130
-885
-119
-458
1102
-693
-121
-502
1060
-521
-113
-539
995
-366
-96
-573
918
-227
-70
-602
828
-110
-45
-616
714
-4
-10
-630
599
86
7
-614
464
199
90
-424
-8783
0
241622
-28469
-11955
-77104
74010
-36213
-7197
-50600
41725
-23343
-4396
-39347
27823
-15826
-2318
-32825
19923
-11223
-628
-28404
14683
-8211
767
-25097
10896
-6250
1951
-22406
8068
-4965
2974
-20194
5791
-4135
3832
-18216
4018
-3722
4560
-16458
2544
-3532
5161
-14800
1411
-3531
5627
-13321
552
-3731
5965
-11926
-127
-4015
6180
-10639
-645
-4354
6283
-9433
-957
-4716
6326
-8266
-1128
-5166
6187
-7239
-1148
-5562
5993
-6275
-1082
-5897
5751
-5417
-894
-6218
5425
-4685
-700
-6515
4982
-3983
-440
-6672
4551
-3410
-124
-6863
3905
-2885
67
-6875
3195
-2423
-9
-6810
1419
